5
5
6
6
5
6
6
4
5
4
6
4
5
6
4
6
5
-95
5
-95
4
5
-95
6
7
5
5
5
5
6
7
6
4
5
4
6
6
5
6
5
4
6
6
6
5
5
6
5
6
6
4
6
5
6
-95
5
5
6
6
6
5
5
6
4
-94
5
5
7
-94
6
6
5
6
5
6
4
6
5
5
5
6
6
6
5
5
7
6
6
6
6
6
5
4
5
-94
5
7
6
6
6
6
7
6
6
7
6
6
6
6
5
4
5
5
7
4
6
5
5
5
4
5
5
5
6
7
6
6
6
5
6
7
5
5
5
5
5
5
6
4
6
5
5
5
6
6
6
6
6
5
6
5
5
4
6
6
6
5
6
5
6
5
6
6
5
-94
-94
5
-95
5
6
5
6
5
5
5
5
7
4
4
-94
5
6
6
5
7
5
6
6
3
6
7
6
6
6
5
5
6
6
4
6
6
6
-95
6
5
5
5
6
6
5
6
5
6
5
6
5
4
6
5
6
5
5
5
-95
6
-96
-196
5
5
6
5
-95
3
-94
6
6
5
-95
6
6
-94
5
5
5
5
6
6
7
6
6
6
