605
605
405
604
603
602
604
605
605
502
406
602
604
606
606
603
602
603
602
602
601
605
602
601
406
604
603
602
606
604
607
504
502
602
603
604
502
605
404
603
603
406
606
605
502
503
604
603
606
605
605
504
603
605
604
502
604
606
602
606
501
503
604
503
403
605
605
605
605
605
604
602
605
602
606
600
606
601
604
401
605
606
606
606
606
507
605
606
504
605
603
605
601
605
604
603
407
506
505
504
606
505
606
405
506
604
603
605
603
605
602
603
605
606
604
605
605
606
605
505
605
604
605
503
605
605
604
601
503
607
605
603
605
602
506
605
601
603
604
504
606
605
605
605
604
605
603
604
602
605
603
503
603
506
506
505
606
606
504
605
602
604
505
606
603
505
502
602
603
503
605
604
604
605
602
605
406
602
603
603
601
604
603
604
306
602
603
605
603
604
605
605
604
604
606
602
606
504
606
505
504
605
603
602
603
603
602
604
605
604
606
604
606
602
603
602
605
605
604
604
604
603
604
604
606
602
602
604
603
605
602
603
605
604
604
605
604
604
604
405
604
604
604
605
603
503
604
606
606
606
606
