0.1795096
0.1472032
0.1268698
0.1675603
0.04718786
0.08243752
0.1160203
0.2020633
0.06670773
0.04372811
0.1488024
0.06893349
0.04961038
0.1264174
0.1659269
0.1285369
0.07650352
0.06146598
0.05423474
0.05423474
0.116369
0.06816483
0.08761597
0.169601
0.1479995
0.08616447
0.08789778
0.03069496
0.1257668
0.09558535
0.2094994
0.1182017
0.1081643
0.06630659
0.1273355
0.1092758
0.1064014
0.1880574
0.1064
0.04794312
0.1082268
0.08774424
0.1181121
0.2380404
0.08744431
0.2079229
0.1271305
0.02956724
0.1697388
0.2067041
0.1221447
0.1014233
0.07262897
0.138833
0.02919483
0.08396912
0.06756878
0.1859426
0.06887913
0.1879253
0.06950378
0.08960342
0.1656933
0.1290617
0.1083355
0.1237135
0.2083063
0.1746769
0.07994747
0.144558
0.1262026
0.1233435
0.1612473
0.1468134
0.1275806
0.04691219
0.2076693
0.02803326
0.0874958
0.06753922
0.1466656
0.1464796
0.1475363
0.2302895
0.2628355
0.345274
0.1290836
0.07039833
0.08603001
0.1266251
0.06980515
0.1470127
0.0673933
0.08902359
0.1353893
0.1220932
0.3666
0.107378
0.09040642
0.1081409
0.08905411
0.1663857
0.1070499
0.1280823
0.285923
0.1077785
0.08794403
0.1657581
0.08694458
0.1496353
0.1078587
0.04970932
0.07730675
0.3199692
0.1103096
0.1033192
0.145607
0.1438065
0.09894943
0.09879875
0.0868454
0.06819916
0.1851673
0.148098
0.2280598
0.06846809
0.1710148
0.08740044
0.08886528
0.2275047
0.22715
0.1678219
0.08305168
0.05052376
0.2065716
0.07014847
0.09478569
0.1754303
0.1051235
0.2050705
0.1224575
0.08678818
0.08451462
0.1257153
0.1406364
0.1496868
0.09008598
0.1503963
0.06614304
0.1841145
0.1523724
0.08401489
0.1313725
0.1632137
0.1474247
0.1268578
0.1276646
0.2484131
0.227499
0.1074657
0.04611588
0.08060265
0.1952324
0.2217693
0.133091
0.06434822
0.06906319
0.06946754
0.1294937
0.1255703
0.07438469
0.1438274
0.04915047
0.08653259
0.06920242
0.1283932
0.3262558
0.1291695
0.1073093
0.1482162
0.1082993
0.1223564
0.07668304
0.08877945
0.1669731
0.1086502
0.1270103
0.1219101
0.06710815
0.1759338
0.1983795
0.1260147
0.1114693
0.1062431
0.1464195
0.1674995
0.1480179
0.1270905
0.207489
0.110733
0.1654701
0.1793137
0.1979561
0.1292458
0.06702423
0.08832169
0.08694077
0.1491356
0.1098518
0.05025101
0.1879082
0.1074524
0.2283821
0.04553223
0.1272278
0.08717346
0.1086769
0.07966232
0.1361923
0.1310959
0.1267128
0.08699799
0.1888046
0.1888046
0.07596588
0.04714966
0.04714966
0.0411644
0.1035004
0.1065521
0.1060867
0.07032394
0.12714
0.1678505
0.06999207
0.1092262
0.1281471
0.1281471
0.1945229
0.1669884
0.08961105
0.08834076
0.1507645
0.06627274
0.08921051
0.07602692
0.1271133
0.1824532
0.2464676
0.1300316
0.2067337
