10
12
12
20
4
10
11
16
7
5
14
8
6
12
18
17
9
6
7
7
8
8
7
17
21
8
9
4
14
15
21
11
9
7
9
12
11
16
13
5
10
15
11
14
8
16
12
4
13
13
9
13
7
10
4
7
6
13
11
15
7
9
14
9
11
9
15
20
11
15
14
9
14
15
11
8
15
4
9
9
16
13
14
18
18
24
15
13
11
13
11
11
8
8
11
15
28
11
15
10
12
22
10
12
23
11
11
13
10
14
8
6
9
24
9
10
13
10
9
9
10
6
18
14
25
11
15
10
16
20
20
13
9
5
14
7
8
16
12
19
10
10
7
10
11
14
10
14
7
15
13
7
10
14
12
13
10
19
17
11
5
11
18
16
11
11
8
7
12
13
9
15
6
8
8
11
28
14
9
12
7
12
10
9
21
9
10
12
6
17
21
16
13
10
13
13
12
12
15
11
14
16
14
12
8
9
7
13
10
6
17
9
16
5
16
7
9
10
14
17
15
10
15
15
12
6
6
7
9
14
9
7
9
13
11
10
15
15
17
13
11
12
20
7
10
10
17
20
25
13
15
