56
416
231
303
506
27
127
54
28
17
604
612
603
513
25
406
26
630
126
27
427
26
617
307
439
346
605
511
511
435
607
434
304
517
-45
-145
336
131
62
8
431
407
55
607
53
507
418
417
418
421
19
161
618
105
641
334
17
529
315
444
222
327
34
46
-44
613
55
49
214
622
-92
522
62
624
116
440
516
117
323
26
333
154
218
228
221
23
7
53
15
57
520
619
10
54
608
7
125
317
313
517
417
317
45
45
515
613
306
408
623
138
59
-43
506
-55
414
-55
28
320
206
306
36
35
126
517
632
5
416
344
27
-41
23
211
613
105
628
228
308
11
325
60
6
524
515
611
-39
30
617
603
137
15
44
14
634
42
338
518
54
424
626
604
520
518
213
213
-42
215
5
32
429
38
11
59
208
518
37
126
623
115
206
115
428
59
127
415
210
37
515
434
618
28
421
117
56
504
405
209
411
245
405
234
415
19
513
-93
408
635
315
38
229
426
436
236
24
128
622
221
317
28
222
515
643
320
-92
509
630
207
207
45
422
606
27
15
532
211
218
-76
54
513
513
137
215
215
40
254
412
625
635
624
148
9
26
52
