106
6
31
53
16
307
37
324
238
627
14
52
3
13
405
16
126
60
26
237
17
116
57
57
59
46
-45
51
-49
15
57
54
4
7
225
225
16
21
232
338
61
27
115
57
323
-43
58
57
18
31
229
71
38
55
21
54
327
59
15
34
12
-43
124
446
126
13
205
419
14
12
218
22
222
54
56
20
-44
27
63
316
53
34
18
58
61
153
207
243
215
447
30
-91
230
324
58
317
55
17
-37
-83
7
7
105
205
55
13
6
58
23
58
259
247
26
415
54
125
358
10
6
56
216
515
6
57
32
615
36
54
137
529
413
-39
53
15
28
58
58
531
25
540
316
54
5
-39
131
120
57
23
57
425
434
334
14
442
38
28
334
44
-44
34
-70
58
-37
-137
138
55
325
322
29
118
131
129
18
18
607
56
43
15
36
-65
58
129
17
55
40
317
55
4
8
348
61
7
146
54
15
9
61
55
-45
14
15
229
23
117
58
5
55
348
59
-44
26
-44
414
-42
22
21
17
118
22
25
13
60
418
59
60
-43
-143
245
22
56
337
455
72
-39
58
324
504
53
-47
17
55
-45
120
24
2
15
25
24
18
109
126
642
