0.301556
0.1707396
0.3129097
0.1260409
0.1832078
0.1955483
0.2167602
0.1555473
0.2033377
0.2442372
0.1084192
0.06791854
0.08989954
0.08231497
0.1458533
0.149853
0.4038486
0.2756052
0.144136
0.2120318
0.1870618
0.3669062
0.1963048
0.1800766
0.2374725
0.1582241
0.1697755
0.02815533
0.02815533
0.129252
0.1586199
0.08118677
0.1125207
0.1816463
0.1690836
0.1690836
0.2068844
0.3104105
0.2962646
0.242053
0.3063421
0.195673
0.1664104
0.1769438
0.07809162
0.1652908
0.1897745
0.173315
0.1760168
0.3637991
0.2040358
0.6020718
0.2070646
0.1663628
0.282773
0.1149693
0.1972847
0.2113419
0.14711
0.1033592
0.08943081
0.1997833
0.1091995
0.1809196
0.1869583
0.3067312
0.1397667
0.2654953
0.1272793
0.0894165
0.1857586
0.04625893
0.3617001
0.08001709
0.1736603
0.2908134
0.1543827
0.1807938
0.4086437
0.2029247
0.07243156
0.1657696
0.227272
0.2193642
0.2582359
0.3836575
0.1983795
0.1034451
0.1588345
0.1874218
0.2405777
0.2400703
0.2523155
0.119154
0.2140427
0.2326355
0.1376343
0.1750164
0.367321
0.2125816
0.1925163
0.184721
0.1588287
0.1827583
0.1338253
0.1046124
0.1539688
0.2545147
0.0436554
0.2414417
0.2729378
0.2082634
0.1047478
0.1386089
0.09758759
0.1154003
0.4613533
0.2450314
0.1533833
0.1718311
0.17939
0.1284218
0.1884747
0.1754055
0.08190155
0.1651402
0.2026844
0.1071968
0.1607952
0.2170029
0.1075573
0.2734871
0.1065941
0.1417618
0.2071304
0.2557983
0.2299881
0.278717
0.146965
0.3011398
0.160244
0.1295052
0.1365623
0.308075
0.321804
0.2971153
0.1682434
0.08886337
0.1740761
0.1581497
0.1234131
0.3483238
0.1087608
0.3312683
0.2445793
0.22575
0.0962677
0.1218719
0.1752548
0.1161613
0.2780762
0.2197647
0.3471031
0.3471031
0.2946243
0.1403809
0.1361122
0.3683434
0.2296677
0.2072296
0.2440071
0.2665062
0.1946487
0.2200241
0.1872177
0.1442413
0.09318542
0.1265678
0.1525307
0.1265793
0.2557182
0.2570114
0.1894493
0.1510468
0.260231
0.1635246
0.1670494
0.1491432
0.2511215
0.2263489
0.2695961
0.2076569
0.1845551
0.096138
0.1587448
0.2640495
0.2711372
0.08743668
0.1124496
0.1265717
0.1362076
0.2400856
0.07781982
0.1756134
0.1747169
0.1394196
0.1704178
0.2403297
0.2366104
0.1485786
0.373909
0.1654587
0.1218071
0.167305
0.2666626
0.2720261
0.1696548
0.2266769
0.06357574
0.1089554
0.1054573
0.2175941
0.218029
0.2962227
0.2614174
0.2136307
0.2136307
0.108326
0.06618118
0.1457405
0.2046776
0.3779297
0.4688301
0.3080292
0.2316856
0.378849
0.1464005
0.08880997
0.08880997
0.1972656
0.1246033
0.1246033
0.2350464
0.3422318
0.06686401
0.1423645
0.161869
0.3641014
0.2598991
0.2458267
0.1811523
