19
18
34
11
18
23
22
13
26
23
12
8
10
10
16
18
48
31
18
23
22
48
23
23
29
19
17
4
4
16
21
12
12
23
15
15
20
35
37
26
35
23
16
21
11
22
24
21
24
34
27
64
25
16
35
14
23
27
16
13
8
22
13
20
18
39
15
27
12
8
25
8
37
13
20
32
18
22
41
19
9
14
24
25
34
40
21
11
17
21
30
28
32
13
26
22
16
22
40
23
23
23
15
17
15
10
19
24
9
25
29
21
18
15
13
15
55
30
20
18
19
15
19
21
8
15
20
12
22
27
11
33
10
16
25
26
25
33
15
31
18
12
15
34
34
32
21
10
22
16
13
42
12
38
25
26
13
12
19
12
31
25
39
39
25
17
17
38
29
24
34
29
25
25
22
18
10
16
20
16
26
28
22
15
30
23
17
14
26
24
33
23
19
13
15
28
33
15
17
14
17
29
10
23
24
17
17
25
28
20
48
19
14
24
36
35
22
25
6
17
10
31
24
29
31
21
21
15
6
18
22
45
66
34
25
43
13
10
10
23
15
15
30
42
8
15
16
42
26
28
20
7
